# Nota: C-Order, 1 refers to the Y axis, 2 to the X axis
# Calibration done at Wed Jun 19 10:58:42 2024
poni_version: 2.1
Detector: Detector
Detector_config: {"pixel1": 5.4999999999999995e-05, "pixel2": 5.4999999999999995e-05, "max_shape": [516, 1554], "orientation": 3}
Distance: 0.15108086207990135
Poni1: 0.014349323952286825
Poni2: -0.0013169632242713987
Rot1: 0.0057348661407153004
Rot2: -0.00180123994469533
Rot3: 7.615899543939676e-07
Wavelength: 4.1519926662700005e-11
