# Nota: C-Order, 1 refers to the Y axis, 2 to the X axis
# Calibration done at Wed Jun 19 11:05:49 2024
poni_version: 2.1
Detector: Detector
Detector_config: {"pixel1": 5.4999999999999995e-05, "pixel2": 5.4999999999999995e-05, "max_shape": [516, 1554], "orientation": 3}
Distance: 0.15131782640409489
Poni1: 0.014114016209609247
Poni2: -0.0017608590343400577
Rot1: 0.00636172352606898
Rot2: -0.001426777145997594
Rot3: 1.0199885135303155e-08
Wavelength: 4.1444826066e-11
