# Nota: C-Order, 1 refers to the Y axis, 2 to the X axis
# Calibration done at Tue Dec 24 07:26:03 2024
poni_version: 2.1
Detector: Detector
Detector_config: {"pixel1": 5.4999999999999995e-05, "pixel2": 5.4999999999999995e-05, "max_shape": [516, 1554], "orientation": 3}
Distance: 0.15595539970273883
Poni1: 0.016180900018621484
Poni2: -0.0018508002500475977
Rot1: 0.004495840582874483
Rot2: -0.0020583889773893894
Rot3: -1.397342618802535e-07
Wavelength: 4.12449e-11
